[(58, 44), (103, 38), (109, 126), (94, 234), (55, 52), (183, 131), (57, 0), (104, 183), (164, 21), (178, 149)]
[(234, 107), (199, 51), (201, 8), (210, 249), (183, 165), (181, 72), (243, 187), (240, 125), (85, 54), (222, 231), (79, 96), (36, 158), (219, 132), (59, 54)]
[(59, 120), (52, 248), (52, 49), (192, 159), (215, 35), (242, 158), (97, 65), (174, 131), (170, 86)]
[(144, 135), (179, 27), (204, 243), (204, 217), (155, 77), (244, 49), (40, 4), (38, 104), (127, 3), (79, 140), (218, 224), (179, 242), (62, 244)]
[(210, 183), (65, 95), (147, 148)]
[(30, 208), (182, 37), (182, 29), (113, 2), (127, 28), (29, 224)]
[(207, 110), (28, 215), (16, 86), (137, 113)]
[(130, 38), (94, 173), (73, 125), (112, 128), (22, 217), (88, 69), (245, 21), (23, 147), (69, 21), (40, 156), (161, 10), (93, 31), (98, 41), (131, 12), (16, 193), (213, 60), (245, 97), (118, 9)]
[(204, 49), (2, 48), (190, 84), (200, 219), (244, 249), (34, 96), (230, 221)]
[(169, 144), (91, 205), (105, 202), (24, 104), (206, 20)]
[(13, 29), (129, 16), (88, 229), (60, 115), (150, 241), (46, 232)]
[(38, 24), (137, 196), (37, 103), (162, 133), (173, 21), (78, 147), (78, 82), (60, 205)]
[(112, 151), (168, 57), (88, 15), (61, 32), (142, 60), (1, 215), (117, 140), (125, 238), (158, 25), (214, 145), (2, 201), (52, 245), (144, 203), (142, 99), (123, 187), (135, 0)]
[(202, 243), (237, 3), (239, 216), (144, 196), (177, 175), (160, 175), (187, 122), (126, 178), (174, 200), (132, 20), (131, 69)]
[(25, 111), (166, 131), (170, 71), (61, 206), (169, 12), (94, 135), (122, 81), (18, 86), (174, 111), (249, 80), (142, 207), (234, 64), (97, 10), (11, 159)]
[(31, 54), (39, 158), (64, 52), (159, 163), (213, 80), (111, 95), (240, 118), (123, 54), (190, 114), (144, 46), (21, 55), (70, 185), (133, 130), (79, 216), (82, 86), (193, 219), (0, 169)]
[(105, 200), (214, 220), (173, 135), (90, 168), (15, 108), (198, 137), (82, 159)]
[(158, 136), (249, 232), (32, 180), (203, 81), (173, 17), (14, 194), (71, 52), (28, 190), (89, 51), (21, 122), (96, 135), (175, 209), (146, 34), (214, 132), (75, 101), (33, 196)]
[(0, 202), (69, 71), (181, 151), (11, 162), (142, 5), (141, 25), (54, 52), (127, 158), (87, 242), (18, 77), (34, 10), (142, 214), (238, 16), (83, 207), (209, 129), (84, 50), (186, 13)]
[(202, 180), (189, 121), (231, 114), (104, 245), (39, 247), (3, 226), (128, 75), (177, 248), (127, 96), (94, 35), (135, 19), (235, 70), (80, 1), (138, 22)]
[(210, 18), (114, 193), (105, 28), (25, 46), (17, 84), (20, 103), (243, 9), (183, 228), (223, 245), (22, 179), (106, 19), (215, 18), (184, 216), (101, 193), (161, 185), (61, 146), (201, 40)]
[(107, 134), (177, 93), (122, 22), (197, 67), (94, 78), (8, 45), (167, 68)]
[(141, 78), (220, 59), (143, 105), (91, 108), (72, 196)]
[(103, 168), (99, 177), (14, 247), (167, 21), (24, 44), (141, 212), (151, 246), (9, 105), (39, 48), (62, 69), (48, 116), (25, 108), (213, 163), (46, 160), (163, 128), (11, 3), (234, 4), (57, 241)]
[(50, 51), (115, 26), (88, 111), (166, 23), (49, 202), (99, 241), (21, 220), (239, 16), (39, 23), (199, 154), (20, 228), (147, 2), (130, 227), (141, 10), (36, 125)]
[(201, 184), (73, 237), (228, 154), (51, 235), (104, 118), (38, 238), (52, 36), (184, 100)]
[(66, 95), (238, 195), (236, 1), (137, 104)]
[(141, 33), (89, 35), (34, 189), (124, 239), (158, 137), (36, 232), (212, 173), (63, 62), (121, 116)]
[(151, 134), (247, 172), (231, 239), (155, 76), (226, 208), (18, 146), (135, 218), (203, 217), (235, 196), (78, 149), (179, 172), (247, 146), (135, 66), (43, 225), (65, 173)]
[(14, 160), (238, 29), (15, 155), (148, 85), (78, 175), (81, 227), (9, 188), (83, 49), (164, 105), (28, 55), (98, 197), (138, 77), (109, 212), (127, 124), (85, 242)]
[(163, 135), (85, 74), (197, 15), (208, 216), (131, 136), (159, 181), (199, 226), (31, 89), (86, 211), (45, 18), (147, 191), (248, 14), (240, 178), (134, 135), (124, 1)]
[(44, 32), (138, 202), (44, 129)]
[(228, 240), (44, 148), (126, 1), (157, 173), (122, 160), (176, 71), (110, 124), (167, 71), (145, 9), (171, 131), (55, 47), (152, 219), (160, 198), (120, 5), (33, 248), (108, 124), (83, 237)]
[(199, 10), (169, 92), (143, 95), (94, 25), (216, 224), (121, 24), (108, 230), (29, 48), (65, 54), (113, 47), (85, 3), (158, 92), (209, 212)]
[(80, 234), (180, 39), (139, 180), (134, 174), (130, 157), (229, 73), (65, 194), (81, 104), (54, 227), (156, 148), (122, 235), (201, 125), (114, 248)]
[(155, 166), (237, 214), (60, 199), (200, 63), (167, 172), (224, 175), (223, 84), (69, 3), (242, 152), (32, 141), (163, 217), (99, 118), (65, 49), (194, 184), (38, 139), (140, 35), (182, 174), (0, 77), (206, 249)]
[(169, 241), (34, 107)]
[(234, 192), (95, 222), (179, 192), (140, 147), (79, 240)]
[(123, 62), (100, 206), (110, 135), (66, 206), (182, 39), (37, 64), (124, 13), (240, 81), (79, 139), (57, 42), (155, 34), (124, 139), (149, 133)]
[(174, 23), (198, 183)]
[(131, 164), (201, 138), (72, 190), (186, 86), (192, 18), (160, 10), (151, 188), (152, 232), (184, 56), (62, 155), (211, 154), (212, 178)]
[(23, 27), (5, 249), (138, 30), (38, 90), (54, 82), (132, 81), (22, 5), (218, 89), (248, 217)]
[(98, 132), (52, 223), (215, 225), (134, 160), (66, 105), (169, 91), (53, 69), (19, 148), (249, 174), (71, 244)]
[(93, 134), (137, 217), (9, 126), (163, 213), (73, 158), (123, 86), (146, 120), (70, 214), (26, 129), (228, 173), (70, 45), (38, 121), (175, 75), (104, 113), (177, 58), (188, 144)]
[(126, 238), (84, 194), (159, 15), (168, 241), (72, 89), (34, 214), (105, 13), (144, 159), (241, 65)]
[(119, 218), (143, 57), (132, 179), (48, 90), (240, 95), (210, 38), (39, 123), (112, 232), (95, 38), (65, 211), (43, 131), (124, 211), (154, 226), (72, 248), (69, 185), (16, 114), (114, 116), (103, 26)]
[(32, 1), (171, 37), (98, 228), (207, 11), (32, 244)]
[(82, 106), (125, 203), (74, 192), (136, 195), (173, 246), (215, 243), (113, 212), (177, 78), (18, 18), (141, 247), (142, 102)]
[(180, 227), (64, 214)]
[(128, 214), (209, 187), (178, 151), (38, 104)]
[(9, 156), (87, 30), (218, 216), (218, 86), (174, 105), (220, 226), (119, 192), (154, 74), (12, 69), (140, 198), (90, 31), (130, 15), (209, 246)]
[(54, 204), (140, 193), (160, 21), (87, 113), (200, 227), (236, 121), (140, 50)]
[(1, 68), (57, 58), (152, 199), (11, 117), (191, 58), (127, 79), (80, 194), (93, 8), (52, 0), (80, 19), (92, 46), (241, 184), (215, 56), (81, 30), (104, 158), (158, 188)]
[(116, 117), (208, 89), (94, 169), (139, 215), (54, 149), (2, 36), (64, 218), (143, 35), (189, 221), (1, 17), (58, 171), (37, 4)]
[(120, 41), (246, 173), (25, 167), (150, 169), (190, 117), (60, 207), (34, 219), (209, 64), (98, 102)]
[(111, 14), (188, 221), (109, 156), (156, 184), (101, 10), (191, 17), (175, 150), (1, 154), (166, 247), (86, 45), (180, 153), (10, 238)]
[(208, 80), (40, 122), (82, 26), (86, 237), (182, 88), (10, 0), (202, 131), (76, 86), (11, 232), (148, 152), (38, 4)]
[(118, 18), (185, 183), (189, 178), (204, 5), (157, 147), (217, 240), (205, 184), (157, 140), (185, 66)]
[(83, 86), (60, 5), (132, 2), (114, 98), (174, 84), (150, 97), (43, 121), (103, 147)]
[(136, 249), (194, 120), (71, 116), (154, 223), (169, 19), (37, 210), (97, 93), (11, 20), (4, 56), (33, 100), (122, 178), (114, 124), (79, 157), (90, 83)]
[(233, 91)]
[(171, 245), (18, 123), (105, 209), (198, 97), (142, 76), (178, 33), (9, 30), (180, 185), (230, 136), (13, 225), (179, 5)]
[(226, 103), (37, 207), (122, 79), (243, 178), (110, 57), (10, 186), (245, 84), (62, 70), (189, 198), (67, 203), (233, 106), (76, 115), (146, 152), (228, 45), (40, 230), (168, 18), (135, 231)]
[(175, 88), (216, 140), (218, 121), (42, 48), (126, 74)]
[(82, 81), (8, 12), (87, 215), (39, 25), (168, 60), (7, 201), (144, 215), (99, 36), (11, 212), (32, 141), (93, 215), (20, 22), (28, 76), (55, 230), (144, 62), (25, 59), (28, 161), (71, 217), (246, 62)]
[(8, 105), (244, 135), (141, 109), (209, 43)]
[(34, 202), (80, 94), (16, 111), (185, 220), (233, 119), (238, 94), (125, 131), (63, 91), (44, 69)]
[(101, 99), (212, 22), (204, 20), (35, 218), (176, 32), (101, 81), (213, 214)]
[(69, 55)]
[(231, 217), (237, 116), (70, 244), (173, 52), (167, 239), (31, 127), (185, 104), (107, 40), (151, 60), (203, 94), (153, 138), (176, 225), (202, 245), (41, 17), (207, 125), (124, 4), (195, 133)]
[(48, 77), (147, 139), (24, 193), (121, 119), (186, 9), (121, 11), (167, 49), (218, 246), (158, 31), (175, 53), (65, 35), (221, 205), (131, 41)]
[(88, 73), (33, 39), (210, 165), (194, 182), (163, 199), (81, 19), (197, 28), (72, 236), (38, 109), (191, 99), (249, 115), (183, 145), (114, 116), (76, 5), (23, 62), (95, 187), (147, 146), (209, 47), (240, 170)]
[(63, 203), (19, 160), (129, 86), (74, 205), (147, 197), (24, 150), (44, 17), (38, 210), (101, 65)]
[(144, 138), (100, 143), (60, 26)]
[(238, 91), (69, 156), (42, 7), (3, 101), (23, 130), (188, 48), (102, 249), (197, 167), (187, 187), (232, 23)]
[(120, 9), (123, 166), (224, 137), (155, 160), (167, 11), (110, 47), (90, 52), (120, 98), (39, 77), (104, 92), (73, 217)]
[(203, 174)]
[(3, 184), (53, 37), (84, 42), (38, 110), (2, 72), (122, 55), (4, 2), (189, 90), (50, 126), (149, 123)]
[(50, 13), (79, 178)]
[(221, 193), (6, 136), (9, 6), (104, 221), (75, 208), (192, 76), (220, 122), (109, 106), (88, 199), (123, 73), (200, 128), (237, 179)]
[(79, 50), (76, 93), (81, 159), (66, 80), (59, 139), (68, 34), (152, 37), (87, 203), (101, 232), (96, 242), (177, 129), (50, 31), (142, 155), (183, 141), (184, 109)]
[(23, 24)]
[(238, 38), (140, 14), (77, 47), (164, 102), (147, 133), (71, 74), (42, 97), (59, 244), (80, 53)]
[(50, 145), (83, 189), (23, 163), (207, 135), (200, 209), (143, 30), (127, 240)]
[(45, 227), (195, 87), (220, 125), (108, 231)]
[(127, 176)]
[(38, 47), (205, 146), (198, 223), (110, 170), (132, 158), (223, 31), (179, 30), (79, 210), (185, 104), (94, 249), (32, 31), (58, 179), (142, 43), (6, 208)]
[(121, 180), (218, 160), (56, 84), (52, 236), (47, 220), (205, 197), (5, 71), (59, 102), (8, 59), (236, 41), (22, 56), (154, 212), (43, 174), (9, 17), (81, 137), (136, 105)]
[(215, 3), (84, 142), (90, 24), (32, 102), (51, 209), (85, 88), (202, 206), (1, 70), (216, 84), (76, 244)]
[(96, 129), (1, 146), (17, 11), (27, 0), (6, 48), (192, 188), (100, 181), (127, 24), (249, 159), (177, 76), (36, 140), (29, 68), (14, 98), (71, 199)]
[(189, 112), (83, 239), (85, 58), (12, 208), (5, 65), (53, 155), (48, 55), (154, 128), (35, 95), (193, 169), (4, 209), (227, 87), (246, 152), (123, 149), (73, 166), (172, 62), (112, 233), (159, 120)]
[(34, 77), (11, 79), (246, 126), (55, 109), (28, 238), (239, 227), (135, 104), (211, 207), (224, 52), (202, 233), (195, 22), (60, 230), (166, 87), (156, 114), (44, 80), (1, 205), (129, 129)]
[(215, 200), (136, 50), (181, 203), (144, 59), (23, 34), (83, 42), (102, 32), (100, 21), (181, 248), (18, 21), (170, 139), (138, 153), (102, 85), (195, 49), (236, 38)]
[(25, 186), (76, 200), (56, 231), (164, 112), (202, 4), (71, 17), (13, 80), (151, 120), (186, 13), (156, 59), (41, 202), (163, 114), (18, 104), (40, 162), (198, 33), (201, 132), (128, 174), (40, 2), (239, 10)]
[(99, 135), (29, 186), (154, 35), (127, 44), (60, 194)]
[(88, 232)]
[(169, 210), (100, 76), (240, 190)]
[(26, 43), (57, 161), (98, 64), (125, 249), (165, 43), (11, 236), (155, 107), (173, 239), (213, 81), (9, 63), (64, 164), (173, 5), (238, 26), (173, 230), (143, 102), (1, 202), (134, 160)]
[(180, 23), (97, 240), (37, 135), (89, 85), (89, 123), (46, 127), (61, 52), (150, 21)]
[(28, 0), (59, 23), (15, 204), (47, 227), (150, 24), (94, 89), (64, 149), (39, 157), (242, 109), (34, 100), (201, 22), (238, 236), (224, 117), (43, 89), (67, 12), (2, 40), (232, 197), (9, 115), (75, 182)]
