[13.32128778 10.33110922 12.65835141  7.33727136 13.16336077  4.12400209
 14.63366191 10.97754278 -6.5017875  -2.70485231]
[-6.72710725  9.9659608  -6.696122    5.45924411 -8.25842345 -1.655921
 -2.24451178 -4.71636793 31.85208615 -2.62333272 31.29331367  4.29500501
 -8.4711385  27.59720764]
[  9.19723347   9.08136797  19.2589955    3.48047446  15.31536274
  10.26712229  11.40933096   3.12373246 -10.81019975]
[24.98172615 16.6482397   9.98435899 23.08248285 23.76008873 21.93507731
 16.76822559 24.14555358 21.65594304  4.01561959  5.8026855  25.0597166
 12.54168039]
[-9.29621786 34.0736542  39.33899342]
[17.63066995  2.3452046   7.35202225  1.67974841  9.19589273 17.86701972]
[ 5.57574257 14.59398798 15.25010916 19.50255946]
[18.72530711  5.82288821 25.57635719 26.06227986 21.78132497  1.65997319
 28.14816744 19.90002487 -0.31785519 14.23256432 35.38181819 -4.6399559
 -2.37954056 21.31219261 24.72203701  0.13822848  6.54109761 13.9615923 ]
[12.94755054 11.25268652 13.59276091 12.18593015 23.1218136   9.39718779
 23.81803448]
[32.63125929 11.634099   16.25986363 23.32119037 14.10658466]
[13.72890329 10.57560672  2.12268795  3.39052941 10.3673799  20.46477501]
[13.32254789 13.32254788 13.32254788 13.32254788 13.32254788 13.32254788
 13.32254788 13.32254788]
[ 9.83072058 11.60199355 12.20210195 13.89445497 13.11996999 11.36596119
  8.57081721  4.58700588 11.14785928 20.99572206 11.20115251  2.12720818
  8.60702304  8.4661196  17.78513789  8.48946526]
[49.55928727 36.96401044 56.29676881 40.15843673 34.44119523 34.75771955
 38.94267833 30.4591831  43.17283733 28.85833945 37.79361436]
[23.98207858 30.70786453 25.15204023 22.03983165 27.72274812 21.98761079
 23.04792492 27.24487696 29.04503996 20.69129976 30.76032468  3.25479396
 18.21897674 28.6233152 ]
[35.27717118 35.27717121 35.27717121 35.27717121 35.27717121 35.27717121
 35.27717121 35.27717121 35.27717121 35.27717121 35.27717121 35.27717121
 35.27717121 35.27717121 35.27717121 35.27717121 35.27717121]
[22.46334539 18.07903356 31.32963879 34.19467963 30.23351751 27.44468007
 32.58352049]
[35.17824647 17.14090877 25.74631862 18.42513113 30.65702772 33.70361054
 15.05026186 28.55866079 14.70702193 31.41539225 13.11985399 30.7413964
 33.98878994 17.60786675  9.1300661  24.6177878 ]
[28.73562712  9.66173202 -9.79060943 14.72872409  6.38203336 12.64769994
  4.49543128 19.45900246 13.28948955 10.47274121  6.36306271 -3.50322506
 10.33263156 13.27132746  4.36932089 13.56799194 20.40541501]
[10.88982021  3.83505338 11.52242756  8.32677396 20.96676214 10.20007362
  1.24518479  8.51370931  7.92149416 11.75752697 12.11628765 11.58254235
 11.60145515 11.63412282]
[ 16.27019164  19.99428583   3.54136169   3.79033214   5.94098732
   5.54702271  19.6991108    5.09698271 -11.56287803   9.64321948
   0.37482152  14.06070393   3.04349585   9.43676951  12.63971253
  33.51030911  -1.96095723]
[ 19.23202521 -11.60564772  -2.22167708  19.49587399  40.40941023
  36.65478353  30.5119286 ]
[12.23357333 -1.7045169  12.23319073 23.98023767 28.63556317]
[17.96837464 18.4463535  13.09550398 11.55002917 13.61242577 13.34104792
 12.26167886 11.9316943  16.34740062 22.31154732 23.96041452 14.70336032
  4.35471098 26.67663346 11.58257279 12.14589986  7.48577421 20.95541947]
[ 32.25004345  30.42354997   9.86397675   8.61502287   9.88330276
  16.27474343  23.54046102 -14.38330955  23.59973154   9.77388714
  23.30891581  14.73983801  10.76623559  17.04646783  28.48672281]
[31.47791858 52.31777153 38.82249066 25.53324855 26.98422616 -0.63984532
 33.42236189  9.32456169]
[15.42738552 13.40305344 13.42886476 18.48768825]
[-10.93546103   7.40949946  23.20672782   9.94204943  -9.59944842
  13.14060243   5.87662398  14.01497789  10.64105375]
[-16.48156391  -7.63232455  14.31650143 -15.47168867   2.96449121
  24.39124251   7.12306258  -7.92135611  -3.93828116  32.32967942
  -6.97350722  33.46873387  -2.43381972  18.34304154  29.66769547]
[ 21.31314596 -17.17290385  21.67312212  14.35719031  38.26562176
  38.32441415  17.96023815  38.46673595   9.00772471  27.06368076
  36.56070208  22.04523904  33.13012349  26.36530926  38.51321511]
[19.07237278 20.32987117 10.30259288  6.35329243  9.56672703  7.29469496
  7.21070699 13.95210734 18.68288259 17.86933968  9.47151454  6.38475128
  4.4068852   9.91853342  6.59287356]
[37.31701233 53.29935065 51.25037559]
[14.12611635  8.87397181  8.48427089 10.23315843 14.62603211  8.86783583
  9.20640155  9.67811574  9.1902181  17.53780821 13.70153188 10.93696744
  8.1896123   9.09475666  8.77095069  9.46848138 13.71440053]
[15.18791229 16.21118449 10.22830736 13.48165661 12.93145194 20.9576933
 12.82945118 17.00488492  9.34968446 22.57984765 11.86152113 13.99441948
  5.09085545]
[12.27530572 15.82875699 -0.27672487 11.23475667 28.81069394 12.89948353
 16.05623013 11.39594987 20.55143072 13.97246917  0.5247529   2.20668156
  0.64850157]
[10.77856834 38.2013812  34.25681913 16.45036816  7.87260207 47.70264519
 30.50169342 48.72892424 46.0221246  10.46406107 12.27143614 30.09753692
 36.49383471 22.14570877  8.90521067  7.67434684  5.72104241 11.17778527
 28.65046148]
[12.7213297   8.40264347]
[12.44613093 15.55283177  0.78921052  5.69045613 24.69412446]
[ 9.44322542 16.73788211 21.09273147 23.25377301  5.78281448 19.16832876
  8.93745615 28.89602409 28.46796827 23.43938041  0.73747887  8.71277677
  0.61789342]
[13.46024072 23.16188495]
[11.15348187 10.39182173 14.42161147 12.97414729 13.65211943 11.99609865
 12.02841252 11.39809522 10.42275302 18.66249843 16.07645892 12.95216274]
[25.56770011 27.43281181 27.75843939 26.79204449 28.04785141 28.53656217
 25.6708879  28.3396802  23.21997206]
[-7.01449393 -8.10210777 -0.07790734 17.14862231 17.747874   12.34292338
 33.40772777 17.9626092  34.76964097 27.31829572]
[26.42487375  9.29254528  7.49893269 13.49445156 32.56938128 23.65060321
  6.79452857  8.84838335  5.71889867  5.72579978  5.76725058  6.09182113
 10.65011658 26.28046054  5.78576748  5.60652271]
[11.3540258  13.97529234  7.73596094 13.58244113 14.25375371 10.71161455
 10.46636519 11.13821164  7.90112911]
[46.12027498 35.89626339 36.29271946 22.86466441 49.76054486 45.35360156
 24.89144776 47.11982444 22.53998846 53.74588657 24.32959572 46.10832886
 35.98228908 30.52919755 56.35389654 35.97317712 51.18560989 28.62114863]
[13.84793904 13.63364864 18.39895333 15.51619505 13.84793902]
[31.2023843  15.44420425 -4.2235828  11.38602123 12.77779737 -3.78405994
 25.96717221 16.73617612  4.70271053 12.87563501  5.64340787]
[16.2586549  22.35480376]
[15.4498614  20.18229149 27.43305955 20.92630397]
[ 15.08169094  25.58799786 -11.55317945   3.15721957   5.50598944
   2.06613972  18.40631556  14.02813425  14.94717909  24.91411115
  24.09071955  17.80848669   5.20324949]
[26.82594826 -6.69365509 29.98597271 27.41013627 -2.09679701 -7.1780515
 26.76699959]
[12.81956878 22.88002913 14.90798326 15.55052398 15.51922919 20.43837132
 55.35370641 46.10317769 45.97532136 43.49298462 16.70437423 13.08238864
 16.12086324 32.54946001 42.31844144 11.13579179]
[10.99954148 10.92667176 10.72994877 10.96945247 10.79146541 12.90179051
 11.37768146 12.40038209 10.90687182 12.93984486 10.78110007 12.1670594 ]
[15.27721022 25.06541998 20.73591753 13.82808857 22.8098143   6.92095713
  5.18943561 12.36861795 -3.69175591]
[13.12454498  9.94501879 13.6764074  11.70377759 15.86135493 16.46785545
  9.9326332  11.65630698 10.83456898 14.30565262  9.46987472 10.67943399]
[26.31125311 26.31125311 26.31125311 26.31125311 26.31125311 26.31125311
 26.31125311 26.31125311 26.31125311 26.31125311 26.31125311]
[21.36879757 21.36879757 21.36879757 21.36879757 21.36879757 21.36879757
 21.36879757 21.36879757 21.36879757]
[10.81614805 10.38842077 25.35859783 10.88050613 28.65183011 33.59300638
 11.44290759 11.40705042]
[25.88899282  9.14092882 30.17877742 32.88538878 31.15836764 36.22781814
 26.52811589 25.65955447 30.65976596 24.93282509 36.13473814  4.02684596
  1.35242904 33.33535416]
[-0.16512008]
[11.79273895 11.80195614 27.26820612 16.45206142 10.8552624  10.60297741
 10.8227628  12.14509128 36.76970179 11.6622463  12.80225924]
[36.21187285 12.6257607  19.60768264 35.82588838 27.46954014 14.95472569
 34.47900205 30.0872546  23.90705794 35.83466553 36.29717923 35.89774061
 22.22831581 35.69980176 14.64760978 13.19855791  3.95338894]
[12.81431228 18.25572708 23.5208161  24.20079565 23.48774853]
[-8.73342606 32.80539839 10.13380081 22.32217504 -3.4945117  32.05892566
  1.28499272  7.39008319 28.21080453  8.01394073 -0.16513714 27.5630815
 18.43779495 25.34563272 -6.94271216 22.89032222 10.15996866 30.43953284
 -7.33862101]
[14.1334832  -9.95750804 13.46101574 20.97441908]
[19.77595727 11.14690211 33.95264973  2.27630685 11.34867858 11.38650379
  3.21960744 12.4315718  14.67007375]
[14.9466413  13.8885298  13.54102632 23.69002773  3.63711028 13.68957245
 23.43130083]
[15.27932856]
[10.24178027 10.31413708 10.97099378  6.76291291  6.05307091 11.33192944
  7.78774164 13.02030191  4.44332327 11.21049284  5.84729562  7.36584004
  9.27381717 16.05126022 10.56932628  6.01971687  9.03183968]
[17.82669879 35.08012533 35.86436772 40.65090151 45.10266806 40.99204473
 16.61050124  8.96608005 35.32287039 17.42270172  9.07095886 17.99256056
 23.90456193]
[11.24440015 18.24568818 31.24930639 30.94291818 22.45992295 14.48497984
 30.93229493 15.34566752 10.22061139 30.58233942  8.66650168 14.48226339
 30.98523607 21.43377239 18.85957356 11.08705316 19.42203417 12.83097026
 12.47960951]
[17.56116453  2.71570331  3.22035285 12.14290242  2.32774146  2.09185652
 10.41645279 10.98801507 17.12755887]
[12.0462811  20.60817153 21.36295755]
[45.41978836 40.41762056 27.67703596 24.38958106 17.15602702 23.12581258
 32.97773673 26.89982251 36.90045905 46.58154999]
[36.08423403 32.40860192 23.63560886 31.05743915 28.96388131 31.83879714
 32.98277775 27.45606041 35.27858193 21.86830657 37.79292163]
[15.63874149]
[14.15494427 38.28671826 39.33491126 25.22775265 13.74696909  8.69979272
 14.24271647 -3.72691874 13.90959596 16.20156546]
[20.1385554  13.36860597]
[ 4.11398121 13.32029726 13.92883383  9.51406704 24.80723912  7.38198997
  5.0865709  16.96754175 20.2308665   9.84896057 11.71064739  3.38233087]
[13.51280108 13.51755714 13.35801863 13.43592744 19.41446942  8.44152982
 23.17495699 15.57282884  6.92025068  8.28257522 11.92563531  2.59460225
 16.63177146  1.93102576 27.34603624]
[1.91033208]
[12.70841832 32.26647214 12.63106521 32.56324541 32.57801128 13.02103545
 22.10497    15.37292193 12.64455372]
[ 4.84619424 50.65340657 14.17779409  4.95434353 16.86015795 11.6395073
 22.69028152]
[20.98576439 15.71724496 15.03369761 19.94714046]
[5.58090752]
[ 7.71268371 16.51851472 10.27400772 17.17701245  2.59478004  9.43706164
  0.49039717 10.80968262  9.91220737  8.43411035  8.07793147 16.7530821
 -8.58173548 21.91371875]
[ 14.05477318  17.17710111  26.64374869   9.85730303   2.35705274
  29.31760869  31.71150576  23.38217971  32.92984934  28.62971811
  36.67944838 -11.03161113   4.84749864  29.41936308  29.89183281
   6.13008021]
[20.26768808 13.94452151 15.71565044 18.93560699 15.78202697  9.59804716
  7.26908914  8.04774439 15.45721668 12.42509003]
[ 9.34033069 13.77159382 13.56390813 14.12847608 13.16911685 21.33834964
 16.14497    21.43355406 13.24499896  3.60156864  4.39942172  7.25219026
  8.90776054 13.90400416]
[ 9.702587   29.3921266  28.33224915 14.70992182 14.22441325 11.41093532
 24.23768848 14.25364057 18.67009607  7.06695784 14.26097388  7.64704615
 14.41502584 17.94554243  8.40690555 14.86693991  4.48180885 13.45187886]
[13.75403562 11.76808533 18.3371019  16.59203217 13.22307032 18.78928745
 12.59870087 16.50963023 18.3973638  14.9739522  14.15675876 17.45310518
 11.6888961  11.44383573 14.7615964  11.44599899 13.17187834]
[13.26675457  0.76361654  2.05053933  1.42606781  1.94494933 11.39509868
 11.35376032 13.88254656 21.10728691  1.22620919  0.9180618   1.80027077
  8.17668441  7.8676753  11.78227777]
[11.95410511 22.58781412 15.99728475 11.95110843 11.52634189 21.70484181
 11.95111954 11.95110851 11.93944832 11.95110852 12.10573057 11.95110849
 11.9512961  12.07516158 11.76934159 11.60630763 11.95965853 12.07516158
  2.09738514]
[ 2.89388429 -7.40690348 41.90284898 34.63376801 18.41566048]
[14.31278178]
[ 7.67851761 12.65623985 11.7158093 ]
[ 5.02203499 28.09964361 24.51474529 20.67504656  4.10218664  5.82790699
 20.6863699   5.50296714  2.33196353  3.31229648 29.34764336 20.02833069
 -7.7841843   3.76026758 18.79144616  3.11113022  6.69665966]
[30.13041995 21.02130484 -2.06110787 23.11745533 18.92561989  2.60240627
 13.883625   26.32743897]
[28.31559835 17.16214227 17.16885916  8.78418106  8.91642028 17.16155881
  8.66497262  1.72636046 10.86406401 13.80742578 16.8094004  10.39862506
 13.82151739  9.70434241 16.63869252 33.66255623 10.24531124 30.11546613
 13.61203836]
